# id	file_path	transparent_color_r	g	b	
[TEXTURES]
100	textures\1.png	255	0	255
200	textures\2.png	255	0	255
300	textures\3.png	255	0	255
# id	file_path	r	g	b	width	height 
# width, height only available for tilemap texture  
321	textures\6666.png	255	0	255	512	380
# id	left	top	right	bottom	texture_id
[SPRITES]
# SIMON
# idle right
10001	436	2	468	64	100
# idle left
10011	12	200	44	262	100
# walk right
10002	374	2	406	64	100	
10003	313	2	345	64	100
10004	256	2	288	64	100
# walk left
10012	74	200	106	262	100
10013	135	200	167	262	100
10014	192	200	224	262	100
# sit right
10021	196	18	228	64	100
# sit left
10031	252	216	284	262	100
# sit and whipping right
10022	16	67	48	113	100
10023	437	133	469	179	100
10024	375	133	407	179	100
# sit and whipping left
10032	432	265	464	311	100
10033	11	331	43	377	100
10034	73	331	105	377	100
# simon whipping right
10041	136	2	168	64	100
10042	75	2	107	64	100
10043	16	2	48	64	100
# simon whipping left
10051	312	200	344	262	100
10052	373	200	405	262	100
10053	432	200	464	262	100
# Whipping right
# level 1
20001	420	2	452	64	200
20002	358	2	390	64	200
20003	262	2	318	36	200
# level 2
20004	420	66	452	128	200
20005	358	66	390	128	200
20006	262	68	318	102	200
# level 3
20007	420	134	452	196	200
20008	358	134	390	196	200
20009	261	136	350	170	200
# whipping left
# level 1
20011	2	2	34	64	200
20012	63	2	95	64	200
20013	135	4	191	38	200
# level 2
20014	2	68	34	130	200
20015	63	68	95	130	200
20016	135	70	191	104	200
# level 3
20017	2	136	34	198	200	
20018	63	136	95	198	200
20019	103	138	192	172	200
# Brick
40000	129	67	161	99	300
# ani_id	sprite1_id	time1	sprite2_id	time2	...
[ANIMATIONS]
# ==== SIMON =========
# idle right
0	10001	100
# idle left
1	10011	100
# walk right
2	10001	100	10002	100	10003	100	10004	100
# walk left
3	10011	100	10012	100	10013	100	10014	100
# sit right
4	10021	100
# sit left
5	10031	100
# sit and whipping right
6	10022	150	10023	150	10024	150
# sit and whipping left
7	10032	150	10033	150	10034	150
# simon whipping right
8	10041	150	10042	150	10043	150
# simon whipping left
9	10051	150	10052	150	10053	150

# ==== WHIP =========
# whipping right
# level 1
9994	20001	150	20002	150	20003	150
# level 2
9996	20004	150	20005	150	20006	150
# level 3
9998	20007	150	20008	150	20009	150
# whipping left
# level 1
9995	20011	150	20012	150	20013	150
# level 2
9997	20014	150	20015	150	20016	150
# level 3
9999	20017	150	20018	150	20019	150

# ==== BRICK ========
301	40000	100
#
# id	ani1	ani2	ani3
#
[ANIMATION_SETS]
# SIMON
100	0	1	2	3	4	5	6	7	8	9
# WHIP
200	9994	9995	9996	9997	9998
# BRICK
300	301
[OBJECTS]
# type	x	y	ani_set_id	extra_settings per object type
# type: 0 = SIMON , 1 = Whip, 2 = Candle, 3 = Brick, 4 = Flames, 6 = Heart, 7 = WhipItem, 8 = KnifeItem, 9 = Knife
# SIMON
0	108	300	100
# WHIP
1	108	300	200
# BRICK	width	height
3	0	352	300	512	32
# --- SCENE PORTAL ----
# type	l	t	ani_set_id	r	b	scene_id
50	286	0	0	318	32	1
[TILEMAP]
154,155,156,157,158,159,160,161,162,163,164,165,166,167,168,169,
170,171,172,173,174,175,176,177,178,179,180,181,182,183,184,185,
186,187,188,189,190,191,192,193,194,195,196,197,198,199,200,201,
202,203,204,205,206,207,208,209,210,211,212,213,214,215,216,217,
218,219,220,221,222,223,224,225,226,227,228,229,230,231,232,233,
234,235,236,237,238,239,240,241,242,243,244,245,246,247,248,249,
250,251,252,253,254,255,256,257,258,259,260,261,262,263,264,265,
266,267,268,269,270,271,272,273,274,275,276,277,278,279,280,281,
282,283,284,285,286,287,288,289,290,291,292,293,294,295,296,297,
298,299,300,301,302,303,304,305,306,307,308,309,310,311,312,313,
314,315,316,317,318,319,320,321,322,323,324,325,326,327,328,329