<?xml version="1.0" encoding="UTF-8"?>
<map version="1.2" tiledversion="1.3.3" orientation="orthogonal" renderorder="right-down" width="50" height="12" tilewidth="32" tileheight="32" infinite="0" nextlayerid="6" nextobjectid="37">
 <editorsettings>
  <export format="csv"/>
 </editorsettings>
 <tileset firstgid="1" source="0.tsx"/>
 <tileset firstgid="154" name="0" tilewidth="32" tileheight="32" tilecount="153" columns="17">
  <image source="0.png" width="544" height="288"/>
 </tileset>
 <tileset firstgid="307" name="1" tilewidth="32" tileheight="32" tilecount="180" columns="15">
  <image source="1.png" width="480" height="396"/>
 </tileset>
 <tileset firstgid="487" name="Candle" tilewidth="32" tileheight="32" tilecount="70" columns="7">
  <image source="3.png" width="244" height="326"/>
 </tileset>
 <layer id="3" name="Background" width="50" height="12" opacity="0.99">
  <data encoding="csv">
4,4,1,2,1,2,1,2,1,2,1,2,4,4,4,4,4,4,1,2,1,2,1,2,1,2,1,2,4,4,4,4,4,4,4,4,4,4,4,4,72,23,6,7,6,7,91,92,0,0,
18,19,18,19,18,19,18,19,18,19,18,19,4,4,4,4,18,19,18,19,18,19,18,19,18,19,18,19,4,4,4,4,4,4,4,4,4,4,4,4,92,92,23,24,23,24,90,92,0,0,
36,36,35,36,35,36,35,36,35,36,35,36,1,2,1,2,35,36,35,36,35,36,35,36,35,36,35,36,1,2,1,2,1,2,1,2,1,2,1,2,92,109,40,41,40,24,39,92,0,0,
18,19,52,53,18,19,18,19,18,19,18,19,18,19,18,19,18,19,52,53,18,19,18,19,18,19,18,19,18,19,18,19,18,19,18,19,52,53,52,53,92,23,57,75,23,24,41,92,0,0,
35,36,69,70,35,36,35,36,35,36,35,36,35,36,35,36,35,36,69,70,35,36,35,36,35,36,35,36,35,36,35,36,35,36,35,36,69,70,69,70,92,58,74,92,40,24,91,92,0,0,
52,53,92,92,52,53,52,53,52,53,52,53,52,53,52,53,52,53,92,92,52,53,52,53,52,53,52,53,52,53,52,53,52,53,52,53,92,92,92,92,92,23,41,92,23,24,90,92,0,0,
69,70,20,21,69,70,69,70,69,70,69,70,69,70,69,70,69,70,20,21,69,70,69,70,69,70,69,70,69,70,69,70,69,70,69,70,20,21,92,92,92,58,91,92,40,24,39,92,0,0,
86,87,37,38,92,92,86,87,86,87,92,92,86,87,92,92,86,87,37,38,92,92,86,87,86,87,92,92,86,87,92,92,92,92,92,92,37,38,92,92,92,58,108,92,58,56,90,92,0,0,
103,104,54,54,3,3,103,104,103,104,3,3,103,104,3,3,103,104,54,55,3,3,103,104,103,104,3,3,103,104,3,3,3,3,71,22,55,54,5,88,89,105,106,92,106,73,39,92,0,0,
107,107,107,107,107,107,107,107,107,107,107,107,107,107,107,107,107,107,107,107,107,107,107,107,107,107,107,107,107,107,107,107,107,107,107,107,107,107,107,107,107,107,107,107,107,107,107,107,0,0,
0,0,0,0,0,0,0,0,0,0,0,0,0,0,0,0,0,0,0,0,0,0,0,0,0,0,0,0,0,0,0,0,0,0,0,0,0,0,0,0,0,0,0,0,0,0,0,0,0,0,
0,0,0,0,0,0,0,0,0,0,0,0,0,0,0,0,0,0,0,0,0,0,0,0,0,0,0,0,0,0,0,0,0,0,0,0,0,0,0,0,0,0,0,0,0,0,0,0,0,0
</data>
 </layer>
 <objectgroup id="4" name="object">
  <object id="11" gid="335" x="61" y="288.333" width="32" height="32"/>
  <object id="12" gid="336" x="92.6667" y="288" width="32" height="32"/>
  <object id="13" gid="320" x="61" y="256.333" width="32" height="32"/>
  <object id="14" gid="321" x="93" y="256.333" width="32" height="32"/>
  <object id="27" gid="494" x="166.75" y="287.583" width="30" height="30"/>
  <object id="28" gid="487" x="166.25" y="256.083" width="30" height="30"/>
  <object id="29" gid="494" x="434.25" y="287.583" width="30" height="30"/>
  <object id="30" gid="487" x="434.75" y="255.583" width="30" height="30"/>
  <object id="31" gid="494" x="684.25" y="287.583" width="30" height="30"/>
  <object id="32" gid="487" x="683.75" y="256.583" width="30" height="30"/>
  <object id="33" gid="494" x="817.75" y="286.583" width="30" height="30"/>
  <object id="34" gid="487" x="818.75" y="255.583" width="30" height="30"/>
  <object id="35" gid="494" x="1201.75" y="287.583" width="30" height="30"/>
  <object id="36" gid="487" x="1201.75" y="255.083" width="30" height="30"/>
 </objectgroup>
 <objectgroup id="5" name="Candle" visible="0"/>
</map>
