# id	file_path	transparent_color_r	g	b	
[TEXTURES]
300	textures\3.png	255	0	255
# id	file_path	r	g	b	width	height 
# width, height only available for tilemap texture  
123	textures\0.png	255	0	255

# id	left	top	right	bottom	texture_id
[SPRITES]
# Candle
30001	0	0	32	64	300		
30002	32	0	64	64	300
# Brick
40000	129	67	161	99	300
#Heart
60001	95	105	119	125	300
#WhipItem
70001	61	64	93	96	300

# ani_id	sprite1_id	time1	sprite2_id	time2	...

[ANIMATIONS]
# ==== CANDLE =========
401	30001	100	30002	100

# ==== BRICK ========
301	40000	100

# ==== Heart ========
601	60001	100

# ==== WhipItem ========
701	70001	100

#
# id	ani1	ani2	ani3
#
[ANIMATION_SETS]
# CANDLE
400	401
# BRICK
300	301
# Heart
600	601

[OBJECTS]
# type	x	y	ani_set_id	extra_settings per object type
# type: 0 = SIMON , 1 = Whip, 2 = Candle, 3 = Brick, 4 = Flames, 6 = Heart, 7 = WhipItem, 8 = KnifeItem, 9 = Knife
# SIMON
0	80	225	100
# WHIP
1	184	77	200
# CANDLE	typeItem
2	167	225	400	6
2	436	225	400	7
2	678	225	400	7
2	945	225	400	6
2	1200	225	400	8
# Flames
4	175	257	500
# Heart
6	167	225	600
6	945	225	600
#WhipItem
7	436	225	700
7	678	225	700
#KnifeItem
8	1200	225	800
#Knife
9	184	77	800
# BRICK	width	height
3	0	292	300	1472	32
# CamemraChangeViewObj
4111	735	354	40111
# --- SCENE PORTAL ----
# type	l	t	ani_set_id	r	b	scene_id
50	1376	225	0	1408	287	2
[TILEMAP_INFOR]
# tilesetWidth	tilesetHeight	mapWidth	mapHeight	limitedSmallMap
544	288	1536	384	0	0
[TILEMAP]
4,4,1,2,1,2,1,2,1,2,1,2,4,4,4,4,4,4,1,2,1,2,1,2,1,2,1,2,4,4,4,4,4,4,4,4,4,4,4,4,72,23,6,7,6,7,91,92,0,0,
18,19,18,19,18,19,18,19,18,19,18,19,4,4,4,4,18,19,18,19,18,19,18,19,18,19,18,19,4,4,4,4,4,4,4,4,4,4,4,4,92,92,23,24,23,24,90,92,
36,36,35,36,35,36,35,36,35,36,35,36,1,2,1,2,35,36,35,36,35,36,35,36,35,36,35,36,1,2,1,2,1,2,1,2,1,2,1,2,92,109,40,41,40,24,39,92,
18,19,52,53,18,19,18,19,18,19,18,19,18,19,18,19,18,19,52,53,18,19,18,19,18,19,18,19,18,19,18,19,18,19,18,19,52,53,52,53,92,23,57,75,23,24,41,92,
35,36,69,70,35,36,35,36,35,36,35,36,35,36,35,36,35,36,69,70,35,36,35,36,35,36,35,36,35,36,35,36,35,36,35,36,69,70,69,70,92,58,74,92,40,24,91,92,
52,53,92,92,52,53,52,53,52,53,52,53,52,53,52,53,52,53,92,92,52,53,52,53,52,53,52,53,52,53,52,53,52,53,52,53,92,92,92,92,92,23,41,92,23,24,90,92,
69,70,20,21,69,70,69,70,69,70,69,70,69,70,69,70,69,70,20,21,69,70,69,70,69,70,69,70,69,70,69,70,69,70,69,70,20,21,92,92,92,58,91,92,40,24,39,92,
86,87,37,38,92,92,86,87,86,87,92,92,86,87,92,92,86,87,37,38,92,92,86,87,86,87,92,92,86,87,92,92,92,92,92,92,37,38,92,92,92,58,108,92,58,56,90,92,
103,104,54,54,3,3,103,104,103,104,3,3,103,104,3,3,103,104,54,55,3,3,103,104,103,104,3,3,103,104,3,3,3,3,71,22,55,54,5,88,89,105,106,92,106,73,39,92,
107,107,107,107,107,107,107,107,107,107,107,107,107,107,107,107,107,107,107,107,107,107,107,107,107,107,107,107,107,107,107,107,107,107,107,107,107,107,107,107,107,107,107,107,107,107,107,107