<?xml version="1.0" encoding="UTF-8"?>
<map version="1.2" tiledversion="1.3.3" orientation="orthogonal" renderorder="right-down" width="32" height="24" tilewidth="32" tileheight="32" infinite="0" nextlayerid="7" nextobjectid="9">
 <tileset firstgid="1" name="tile_map" tilewidth="32" tileheight="32" tilecount="88" columns="8">
  <image source="tile_map_31.png" width="256" height="352"/>
 </tileset>
 <tileset firstgid="89" name="tile_map22" tilewidth="32" tileheight="32" tilecount="48" columns="4">
  <image source="../GAME/Castlevania/Castlevania/Textures/tile_map22.png" width="128" height="384"/>
 </tileset>
 <tileset firstgid="137" name="tile_map22" tilewidth="32" tileheight="32" tilecount="48" columns="4">
  <image source="tile_map22.png" width="128" height="384"/>
 </tileset>
 <layer id="1" name="Tile Layer 1" width="32" height="24">
  <data encoding="csv">
1,2,3,4,5,6,7,8,2,2,5,6,3,4,2,2,28,29,2,2,3,4,35,36,2,2,2,2,2,2,37,52,
1,2,11,12,13,14,7,8,2,2,13,14,11,12,2,2,28,29,2,2,11,12,35,36,2,2,2,2,2,2,37,52,
17,18,5,6,2,2,7,8,19,18,3,4,2,2,2,2,28,29,3,4,2,2,35,36,19,18,3,4,2,2,37,52,
21,22,13,14,2,2,7,8,24,25,11,12,2,2,2,2,28,29,11,12,2,2,35,36,24,25,11,12,2,2,37,52,
26,27,45,45,3,4,7,8,24,25,2,2,19,18,19,31,28,29,5,6,2,2,35,36,24,25,19,31,2,2,37,52,
1,1,45,45,11,12,1,1,1,37,2,2,37,1,37,37,37,37,13,14,2,2,1,1,1,1,1,1,2,2,37,52,
1,45,45,45,24,25,7,8,1,37,2,2,2,2,37,37,37,2,30,31,19,18,1,1,5,6,19,18,2,2,37,52,
1,45,45,45,1,1,7,8,1,37,2,2,2,2,37,37,37,2,1,1,24,25,1,1,13,14,24,25,32,1,37,52,
1,45,3,4,5,6,7,8,1,37,2,2,3,4,37,37,37,2,2,23,24,25,1,1,2,2,57,58,2,50,1,52,
1,45,11,12,13,14,7,8,1,37,2,2,11,12,37,37,37,2,2,2,1,1,1,1,2,57,58,2,2,50,1,52,
1,45,19,49,2,2,7,8,1,37,2,2,2,2,37,37,37,2,2,2,2,2,2,2,57,58,2,2,2,50,1,52,
1,23,24,61,2,2,7,8,1,37,2,2,2,2,37,37,37,2,2,2,2,2,2,57,58,2,2,2,2,50,1,52,
0,0,0,0,0,0,0,0,0,0,0,0,0,0,1,74,7,8,74,74,74,74,46,58,84,18,78,96,51,52,0,0,
0,0,0,0,0,0,0,0,0,0,0,0,0,0,1,74,7,8,74,74,74,74,58,74,60,61,78,96,51,52,0,0,
0,0,0,0,0,0,0,0,0,0,0,0,0,0,1,74,7,8,74,74,33,58,74,74,66,67,78,96,51,52,0,0,
0,0,0,0,0,0,0,0,0,0,0,0,0,0,1,74,7,8,74,74,58,74,74,74,75,76,78,96,51,52,0,0,
0,0,0,0,0,0,0,0,0,0,0,0,0,0,1,1,7,8,46,58,24,25,84,128,95,95,78,96,51,52,0,0,
0,0,0,0,0,0,0,0,0,0,0,0,0,0,1,1,1,1,1,1,1,1,1,1,95,95,78,96,51,52,0,0,
0,0,0,0,0,0,0,0,0,0,0,0,0,0,1,1,7,8,5,6,95,95,95,95,95,95,78,96,51,52,0,0,
0,0,0,0,0,0,0,0,0,0,0,0,0,0,1,1,7,8,75,76,95,95,95,95,32,51,51,51,51,52,0,0,
0,0,0,0,0,0,0,0,0,0,0,0,0,0,107,108,7,8,95,95,95,95,46,71,95,95,19,108,51,52,0,0,
0,0,0,0,0,0,0,0,0,0,0,0,0,0,111,112,7,8,95,95,95,70,71,95,95,95,82,83,51,52,0,0,
0,0,0,0,0,0,0,0,0,0,0,0,0,0,123,124,7,8,82,83,46,34,84,128,84,128,82,83,51,52,0,0,
0,0,0,0,0,0,0,0,0,0,0,0,0,0,1,1,1,1,1,1,1,1,1,1,1,1,1,1,51,52,0,0
</data>
 </layer>
 <objectgroup id="2" name="Object Layer 1">
  <object id="1" x="781" y="606" width="94" height="32"/>
 </objectgroup>
 <objectgroup id="6" name="Object Layer 5">
  <object id="6" x="586" y="672" width="32" height="62"/>
  <object id="7" x="778" y="538" width="32" height="62"/>
 </objectgroup>
 <objectgroup id="4" name="Object Layer 3">
  <object id="3" x="742" y="386" width="32" height="32"/>
  <object id="5" x="666.001" y="676.667" width="32" height="62"/>
  <object id="8" x="465" y="505" width="32" height="130"/>
 </objectgroup>
 <objectgroup id="5" name="Object Layer 4"/>
 <objectgroup id="3" name="Object Layer 2">
  <object id="2" x="474" y="540" width="290" height="32"/>
 </objectgroup>
</map>
