<?xml version="1.0" encoding="UTF-8"?>
<map version="1.2" tiledversion="1.3.3" orientation="orthogonal" renderorder="right-down" compressionlevel="0" width="50" height="12" tilewidth="32" tileheight="32" infinite="0" nextlayerid="6" nextobjectid="40">
 <editorsettings>
  <export format="csv"/>
 </editorsettings>
 <tileset firstgid="1" source="0.tsx"/>
 <tileset firstgid="154" name="0" tilewidth="32" tileheight="32" tilecount="153" columns="17">
  <image source="0.png" width="544" height="288"/>
 </tileset>
 <tileset firstgid="307" name="1" tilewidth="32" tileheight="32" tilecount="180" columns="15">
  <image source="1.png" width="480" height="396"/>
 </tileset>
 <tileset firstgid="487" name="Candle" tilewidth="32" tileheight="32" tilecount="70" columns="7">
  <image source="3.png" width="244" height="326"/>
 </tileset>
 <layer id="3" name="Background" width="50" height="12" opacity="0.99">
  <data encoding="csv">
4,4,1,2,1,2,1,2,1,2,1,2,4,4,4,4,4,4,1,2,1,2,1,2,1,2,1,2,4,4,4,4,4,4,4,4,4,4,4,4,72,23,6,7,6,7,91,92,0,0,
18,19,18,19,18,19,18,19,18,19,18,19,4,4,4,4,18,19,18,19,18,19,18,19,18,19,18,19,4,4,4,4,4,4,4,4,4,4,4,4,92,92,23,24,23,24,90,92,0,0,
36,36,35,36,35,36,35,36,35,36,35,36,1,2,1,2,35,36,35,36,35,36,35,36,35,36,35,36,1,2,1,2,1,2,1,2,1,2,1,2,92,109,40,41,40,24,39,92,0,0,
18,19,52,53,18,19,18,19,18,19,18,19,18,19,18,19,18,19,52,53,18,19,18,19,18,19,18,19,18,19,18,19,18,19,18,19,52,53,52,53,92,23,57,75,23,24,41,92,0,0,
35,36,69,70,35,36,35,36,35,36,35,36,35,36,35,36,35,36,69,70,35,36,35,36,35,36,35,36,35,36,35,36,35,36,35,36,69,70,69,70,92,58,74,92,40,24,91,92,0,0,
52,53,92,92,52,53,52,53,52,53,52,53,52,53,52,53,52,53,92,92,52,53,52,53,52,53,52,53,52,53,52,53,52,53,52,53,92,92,92,92,92,23,41,92,23,24,90,92,0,0,
69,70,20,21,69,70,69,70,69,70,69,70,69,70,69,70,69,70,20,21,69,70,69,70,69,70,69,70,69,70,69,70,69,70,69,70,20,21,92,92,92,58,91,92,40,24,39,92,0,0,
86,87,37,38,92,92,86,87,86,87,92,92,86,87,92,92,86,87,37,38,92,92,86,87,86,87,92,92,86,87,92,92,92,92,92,92,37,38,92,92,92,58,108,92,58,56,90,92,0,0,
103,104,54,54,3,3,103,104,103,104,3,3,103,104,3,3,103,104,54,55,3,3,103,104,103,104,3,3,103,104,3,3,3,3,71,22,55,54,5,88,89,105,106,92,106,73,39,92,0,0,
107,107,107,107,107,107,107,107,107,107,107,107,107,107,107,107,107,107,107,107,107,107,107,107,107,107,107,107,107,107,107,107,107,107,107,107,107,107,107,107,107,107,107,107,107,107,107,107,0,0,
0,0,0,0,0,0,0,0,0,0,0,0,0,0,0,0,0,0,0,0,0,0,0,0,0,0,0,0,0,0,0,0,0,0,0,0,0,0,0,0,0,0,0,0,0,0,0,0,0,0,
0,0,0,0,0,0,0,0,0,0,0,0,0,0,0,0,0,0,0,0,0,0,0,0,0,0,0,0,0,0,0,0,0,0,0,0,0,0,0,0,0,0,0,0,0,0,0,0,0,0
</data>
 </layer>
 <objectgroup id="4" name="object">
  <object id="37" name="simon" x="1375" y="225" width="32" height="64"/>
  <object id="38" x="1" y="292" width="32" height="32"/>
  <object id="39" x="1200" y="225" width="32" height="64"/>
 </objectgroup>
 <objectgroup id="5" name="Candle" visible="0"/>
</map>
