<?xml version="1.0" encoding="UTF-8"?>
<map version="1.2" tiledversion="1.3.3" orientation="orthogonal" renderorder="right-down" width="32" height="12" tilewidth="32" tileheight="32" infinite="0" nextlayerid="2" nextobjectid="1">
 <tileset firstgid="1" name="tile_map22" tilewidth="32" tileheight="32" tilecount="48" columns="4">
  <image source="../../../../tile_map22.png" width="128" height="384"/>
 </tileset>
 <layer id="1" name="Tile Layer 1" width="32" height="12">
  <data encoding="csv">
1,2,3,4,5,6,7,8,23,23,5,6,3,4,23,23,7,8,23,23,3,4,7,8,23,23,23,23,3,4,1,1,
1,23,11,12,13,14,7,8,23,23,13,14,11,12,23,23,7,8,23,23,11,12,7,8,23,23,23,23,11,12,1,1,
17,18,5,6,23,23,7,8,19,18,3,4,23,23,23,23,7,8,3,4,23,23,7,8,19,18,3,4,23,23,1,1,
21,22,13,14,23,23,7,8,24,22,11,12,23,23,23,23,7,8,11,12,23,23,7,8,24,22,11,12,23,23,1,1,
26,25,23,23,3,4,7,8,24,25,23,23,30,31,30,31,7,8,5,6,23,23,7,8,24,25,30,31,23,23,1,1,
1,1,23,23,11,12,1,1,1,1,23,23,1,1,1,1,1,1,13,14,23,23,1,1,1,1,1,1,23,23,1,1,
1,23,23,23,24,25,7,8,1,1,23,23,23,23,1,1,1,23,30,31,19,18,1,1,5,6,19,18,23,23,1,1,
1,23,23,23,1,1,7,8,1,1,23,23,23,23,1,1,1,23,1,1,24,22,1,1,13,14,24,22,32,37,1,1,
1,23,3,4,5,6,7,8,1,1,23,23,3,4,1,1,1,23,23,23,24,22,1,1,23,23,23,34,7,8,1,1,
1,23,11,12,13,14,7,8,1,1,23,23,11,12,1,1,1,23,23,23,1,1,1,1,23,23,34,23,7,8,1,1,
1,23,30,18,23,23,7,8,1,1,23,23,23,23,1,1,1,23,23,23,23,23,23,23,23,34,23,23,7,8,1,1,
1,2,24,25,2,2,7,8,1,1,23,23,23,23,1,1,1,23,23,23,23,23,23,23,34,23,23,23,7,8,1,1
</data>
 </layer>
</map>
